1
414
246
5
3
92
339
2
201
175
3
289
242
0
143
268
1
7
241
3
-1 -1 -1 -1 -1 -1 -1 -1 -1 -1 -1 -1 -1 -1 -1 -1 -1 -1 -1 -1 -1 -1 -1 -1 -1 -1 -1 -1 
-1 1 1 1 1 1 1 1 1 1 1 1 1 -1 -1 1 1 1 1 1 1 1 1 1 1 1 1 -1 
-1 1 -1 -1 -1 -1 1 -1 -1 -1 -1 -1 1 -1 -1 1 -1 -1 -1 -1 -1 1 -1 -1 -1 -1 1 -1 
-1 1 -1 0 0 -1 1 -1 0 0 0 -1 1 -1 -1 1 -1 0 0 0 -1 1 -1 0 0 -1 1 -1 
-1 1 -1 -1 -1 -1 1 -1 -1 -1 -1 -1 1 -1 -1 1 -1 -1 -1 -1 -1 1 -1 -1 -1 -1 1 -1 
-1 1 1 1 1 1 1 1 1 1 1 1 1 1 1 1 1 1 1 1 1 1 1 1 1 1 1 -1 
-1 1 -1 -1 -1 -1 1 -1 -1 1 -1 -1 -1 -1 -1 -1 -1 -1 1 -1 -1 1 -1 -1 -1 -1 1 -1 
-1 1 -1 -1 -1 -1 1 -1 -1 1 -1 -1 -1 -1 -1 -1 -1 -1 1 -1 -1 1 -1 -1 -1 -1 1 -1 
-1 1 1 1 1 1 1 -1 -1 1 1 1 1 -1 -1 1 1 1 1 -1 -1 1 1 1 1 1 1 -1 
-1 -1 -1 -1 -1 -1 1 -1 -1 -1 -1 -1 0 -1 -1 0 -1 -1 -1 -1 -1 1 -1 -1 -1 -1 -1 -1 
0 0 0 0 0 -1 1 -1 -1 -1 -1 -1 0 -1 -1 0 -1 -1 -1 -1 -1 1 -1 0 0 0 0 0 
0 0 0 0 0 -1 1 -1 -1 0 0 0 0 0 0 0 0 0 0 -1 -1 1 -1 0 0 0 0 0 
0 0 0 0 0 -1 1 -1 -1 0 -1 -1 -1 -1 -1 -1 -1 -1 0 -1 -1 1 -1 0 0 0 0 0 
-1 -1 -1 -1 -1 -1 1 -1 -1 0 -1 0 0 0 0 0 0 -1 0 -1 -1 1 -1 -1 -1 -1 -1 -1 
0 0 0 0 0 0 1 0 0 0 -1 0 0 0 0 0 0 -1 0 0 0 1 0 0 0 0 0 0 
0 0 0 0 0 0 1 0 0 0 -1 0 0 0 0 0 0 -1 0 0 0 1 0 0 0 0 0 0 
-1 -1 -1 -1 -1 -1 1 -1 -1 0 -1 0 0 0 0 0 0 -1 0 -1 -1 1 -1 -1 -1 -1 -1 -1 
0 0 0 0 0 -1 1 -1 -1 0 -1 -1 -1 -1 -1 -1 -1 -1 0 -1 -1 1 -1 0 0 0 0 0 
0 0 0 0 0 -1 1 -1 -1 0 0 0 0 0 0 0 0 0 0 -1 -1 1 -1 0 0 0 0 0 
0 0 0 0 0 -1 1 -1 -1 0 -1 -1 -1 -1 -1 -1 -1 -1 0 -1 -1 1 -1 0 0 0 0 0 
-1 -1 -1 -1 -1 -1 1 -1 -1 0 -1 -1 -1 -1 -1 -1 -1 -1 0 -1 -1 1 -1 -1 -1 -1 -1 -1 
-1 1 1 1 1 0 0 0 0 0 1 1 1 -1 -1 1 1 1 1 1 1 1 1 1 1 1 1 -1 
-1 1 -1 -1 -1 -1 1 -1 -1 -1 -1 -1 1 -1 -1 1 -1 -1 -1 -1 -1 1 -1 -1 -1 -1 1 -1 
-1 1 -1 -1 -1 -1 1 -1 -1 -1 -1 -1 1 -1 -1 1 -1 -1 -1 -1 -1 1 -1 -1 -1 -1 1 -1 
-1 1 1 1 -1 -1 1 1 1 1 1 1 1 0 0 1 1 1 1 1 1 1 -1 -1 1 1 1 -1 
-1 -1 -1 1 -1 -1 1 -1 -1 1 -1 -1 -1 -1 -1 -1 -1 -1 1 -1 -1 1 -1 -1 1 -1 -1 -1 
-1 -1 -1 1 -1 -1 1 -1 -1 1 -1 -1 -1 -1 -1 -1 -1 -1 1 -1 -1 1 -1 -1 1 -1 -1 -1 
-1 1 1 1 1 1 1 -1 -1 1 1 1 1 -1 -1 1 1 1 1 -1 -1 1 1 1 1 1 1 -1 
-1 1 -1 -1 -1 -1 -1 -1 -1 -1 -1 -1 1 -1 -1 1 -1 -1 -1 -1 -1 -1 -1 -1 -1 -1 1 -1 
-1 1 -1 -1 -1 -1 -1 -1 -1 -1 -1 -1 1 -1 -1 1 -1 -1 -1 -1 -1 -1 -1 -1 -1 -1 1 -1 
-1 1 1 1 1 1 1 1 1 1 1 1 1 1 1 1 1 1 1 1 1 1 1 1 1 1 1 -1 
-1 -1 -1 -1 -1 -1 -1 -1 -1 -1 -1 -1 -1 -1 -1 -1 -1 -1 -1 -1 -1 -1 -1 -1 -1 -1 -1 -1 
